data <-
structure(list(N = 30, y = c(70.8871221985674, 58.0634679534859, 
61.1888361096304, 64.59373029468, 89.0017050355356, 31.6740654320629, 
47.3747417061317, 65.5385519380198, 79.5401961045429, 60.8888155671064, 
65.6225015617174, 178.9826590343076, 46.7512662133226, 47.9497084612061, 
61.3471571829856, 106.0667688606078, 62.130620455467, 68.505628695758, 
71.1413760600543, 65.6366953596694, 64.0840162490892, 64.8843661558798, 
47.3064878886057, -14.1360181965444, 50.2942727139186, 65.2827913997759, 
71.5895954499987, 78.8258532055869, 67.0965181834303, 182.0086345790659
), sig = c(10, 10, 10, 10, 10, 10, 10, 10, 10, 10, 10, 10, 10, 
10, 10, 10, 10, 10, 10, 10, 10, 10, 10, 10, 10, 10, 10, 10, 10, 
10)), .Names = c("N", "y", "sig"))

