list(N = 100, y = c(68.8799342797983, 55.3025150520694, 
56.3868813367704, 61.4931446282472, 70.6922821013128, 54.0273948465143, 
70.1859258690204, 62.7181696845238, 61.2490170588532, 74.1642120959355, 
63.8113484084256, 71.2175275174671, 71.9798259879709, 61.4570922195298, 
67.000052876282, 82.2485439968699, 51.1981559350894, 74.5061414822681, 
75.9830946827831, 75.6479679284635, 78.2774705382049, 78.4023607859325, 
62.7205317742155, 73.7096620360244, 79.6695473545625, 57.6403602870656, 
83.4948506827651, 68.0125245008456, 76.9807457921389, 68.5760170149182, 
80.056786504648, 85.2646807246958, 84.0903497401214, 67.6547230010548, 
55.4526583826751, 78.151367448426, 56.8515216470516, 72.0001120780599, 
88.6141555225853, 73.0078313689608, 74.8050651921518, 60.9907550501648, 
66.4570597015085, 70.4333665136758, 69.1022191665771, 60.0191205983661, 
55.7669598465953, 73.9077282465203, 80.3574189122018, 73.9077611126066, 
68.5751395884141, 78.8883325991431, 70.7311765001254, 74.9067421244905, 
69.0654460051981, 73.5086531234519, 67.0341428252576, 71.5706441978061, 
64.1565665443406, 67.2484296952079, 60.3703437198394, 73.4471156220289, 
44.8225318731489, 77.3622931145377, 51.3704858258094, 70.4166233821349, 
67.9824605754923, 73.1161500010061, 73.8840339715877, 66.6346732885886, 
76.7321218238926, 66.1196771213458, 71.4942608453582, 74.8085434059982, 
60.260680649022, 61.5930941003811, 75.3504461465616, 55.565265666497, 
58.3109890977649, 73.1750432380415, 64.4008458999891, 52.6118840131134, 
88.8332408857907, 72.768608002234, 62.8384664108497, 62.3226719537524, 
61.9638647419521, 81.5106796665512, 56.0258628835709, 66.8359222063038, 
73.8986339494378, 78.4064167858201, 69.2322495135645, 50.7854997910904, 
76.7339026015522, 60.7892874065796, 58.1906092036717, 71.9620786446664, 
81.4534052469184, 70.9725723084235), sig = c(10, 10, 10, 10, 
10, 10, 10, 10, 10, 10, 10, 10, 10, 10, 10, 10, 10, 10, 10, 10, 
10, 10, 10, 10, 10, 10, 10, 10, 10, 10, 10, 10, 10, 10, 10, 10, 
10, 10, 10, 10, 10, 10, 10, 10, 10, 10, 10, 10, 10, 10, 10, 10, 
10, 10, 10, 10, 10, 10, 10, 10, 10, 10, 10, 10, 10, 10, 10, 10, 
10, 10, 10, 10, 10, 10, 10, 10, 10, 10, 10, 10, 10, 10, 10, 10, 
10, 10, 10, 10, 10, 10, 10, 10, 10, 10, 10, 10, 10, 10, 10, 10
))
