list(N=3, y=c(70, 50, 80), sig=c(10, 10, 10))

